#0 tau
#1 omega_c_h2
#2 A_s
#3 theta_s
#4 N_eff
#5 mnu
#6 omega_b_h2
#7 n_s
#
1.33037887e+07     4.86035303e+06     -3.06459655e+15     2.16900703e+09     6.34155877e+05     8.61843268e+03     -9.92842394e+07     -6.41778866e+06
4.86035260e+06     8.69284902e+07     8.30966860e+14     8.95643789e+08     -1.20901787e+06     -1.27183975e+06     -4.92493454e+07    3.15838069e+06
-3.06459641e+15     8.30966845e+14     7.55236065e+23     -5.38372097e+17     -1.76147563e+14     -3.40983910e+13     2.11422214e+16     1.57253193e+15
2.16900690e+09     8.95643862e+08     -5.38372116e+17     4.30250208e+12     1.47159523e+08     4.95180567e+07     -1.56890312e+10     -1.41280947e+09
6.34155840e+05     1.20901786e+06     1.76147567e+14     1.47159522e+08     6.33387428e+04     1.98798265e+04     -7.73784206e+06     -4.66200182e+05
8.61843588e+03     -1.27183976e+06     -3.40983904e+13     4.95180567e+07     1.98798264e+04     2.13695497e+04     1.19987755e+06     -6.57092417e+04
-9.92842271e+07     -4.92493502e+07     2.11422225e+16     -1.56890306e+10     -7.73784197e+06     1.19987753e+06     2.86671849e+09     6.88574828e+07
-6.41778856e+06     3.15838042e+06     1.57253201e+15     -1.41280953e+09     -4.66200200e+05     -6.57092401e+04     6.88574892e+07     4.13741582e+06

