#0 tau
#1 omega_c_h2
#2 A_s
#3 theta_s
#4 N_eff
#5 mnu
#6 omega_b_h2
#7 n_s
#
1.670695687127508037e+07 -2.085372002162360353e+06 -4.011203730999845500e+15 3.361606860223969460e+09 1.038976931621934171e+06 1.122782530666366220e+05 -1.752172853526266515e+08 -9.156164928029829636e+06
-2.085879706350612687e+06 1.251934688191783428e+08 3.358226892530329000e+15 -3.245907294596176147e+09 -2.374475909410337918e+06 -1.905547978102388093e+06 5.143240424377641082e+07 1.047597134679397568e+07
-4.011238455878053000e+15 3.358245269110111500e+15 1.032705883894684636e+24 -8.784470901571296000e+17 -2.971658704620464375e+14 -7.272522562345335938e+13 4.114193413326171200e+16 2.374725544529623000e+15
3.361637158013388157e+09 -3.245898440275520325e+09 -8.784453152155787520e+17 2.403792883377763184e+12 3.133968129438090324e+08 7.715976522909754515e+07 -4.908442109194226837e+10 -2.421128521477800369e+09
1.038989756524173543e+06 -2.374474738508793991e+06 -2.971653201573210625e+14 3.133969693664879203e+08 1.164679905588053371e+05 3.835028177804627921e+04 -1.603875849536689371e+07 -8.200083771769258892e+05
1.122880251116774743e+05 -1.905548362923405832e+06 -7.272490379161520312e+13 7.715997094206556678e+07 3.835031525936219259e+04 3.117340536898847495e+04 -4.681040056236276869e+05 -1.778925645195615652e+05
-1.752176860440341532e+08 5.143180133465979248e+07 4.114187861145666400e+16 -4.908439281592005920e+10 -1.603874425907890685e+07 -4.680920794105803361e+05 4.398320489719923019e+09 1.283464357764032632e+08
-9.156197849871400744e+06 1.047586211112194322e+07 2.374716722294497000e+15 -2.421122350996392727e+09 -8.200056688368507894e+05 -1.778904274969393446e+05 1.283463876563715190e+08 6.491608027160459198e+06
